## Spectroscopic redshifts in the UVUDF compiled by Marc Rafelski (2015)
## Rafelski et al. 2105 AJ, Rafelski et al. 2009
## All are high quality spec-z's, independent of photo-z's.
## Spec-z references:
## 1 = VVDS Fevre et al. 2004
## 2 = SZOKOLY Szokoly et al. 2004
## 3 = K20 Mignoli et al. 2005
## 4 = Daddi et al. 2005 ApJ, 626, 680.
## 5 = FORS2 Vanzella et al. 2005,2006,2008,2009
## 6 = VIMOS Popesso et al. 2009
## 7 = Balestra et al. 2010
## 8 = GMASS Kurt et al. 2013
## 9 = 3DHST Morris et al. 2014 in prep
##
##  1 ID     Corresponds to UVUDF catalog Rafelski et al. 2014 in prep
##  2 RA     Right Ascension (J2000) in decimal degrees
##  3 Dec    Declination (J2000) in decimal degrees
##  4 zspec  Spectroscopic redshift
##  5 zref   Spectroscopic redshift reference (see above)
##
## ID       RA             DEC       zspec zref 
  373   53.15438461   -27.82148170   1.145   5
  514   53.17533334   -27.81988889   0.000   5
  534   53.16170900   -27.81926000   0.669   6
  615   53.15839767   -27.81899643   0.000   5
  865   53.17458500   -27.81501300   0.666   1
  983   53.14988700   -27.81400300   1.309   6
 1035   53.17636900   -27.81475600   2.440   6
 1060   53.15916667   -27.81372222   1.767   8
 1077   53.16529167   -27.81402778   3.064   2
 1134   53.16817100   -27.81293500   0.963   6
 1220   53.17934700   -27.81250800   1.768   9
 1438   53.14508700   -27.80985100   1.247   9
 1500   53.18586160   -27.80998430   2.583   7
 1576   53.13754272   -27.80817032   0.664   5
 1625   53.17370833   -27.80822222   1.996   8
 1654   53.16333333   -27.80900000   2.470   4
 1749   53.16476840   -27.80790900   2.819   7
 1990   53.14604167   -27.80647222   2.797   8
 2287   53.14161301   -27.80407906   1.382   5
 2353   53.16671753   -27.80417061   5.828   5
 2413   53.14077800   -27.80401600   2.618   6
 2550   53.16691667   -27.79872222   1.996   8
 2609   53.13775833   -27.80208889   1.188   3
 2695   53.18163700   -27.80131100   0.738   6
 2714   53.15178680   -27.79739380   0.127   5
 3445   53.19234085   -27.79787064   1.221   5
 3482   53.15875000   -27.79716667   1.910   4
 3532   53.15166667   -27.79638889   1.767   8
 3859   53.16133000   -27.79579400   1.491   9
 4332   53.15787100   -27.75520900   0.906   6
 4480   53.18110657   -27.78692818   1.095   5
 4562   53.18322160   -27.78733920   2.145   7
 4596   53.16170833   -27.78744444   1.836   8
 4634   53.14800000   -27.78769444   1.883   8
 4658   53.19565200   -27.78777300   0.227   6
 4721   53.18156420   -27.78798670   0.213   7
 4804   53.14933333   -27.78852778   1.906   8
 4868   53.12419891   -27.78874397   1.609   5
 4971   53.14507900   -27.78942300   1.332   9
 5024   53.17441100   -27.78940700   1.318   9
 5193   53.16041700   -27.79036900   1.612   9
 5295   53.12500000   -27.79077778   1.550   4
 5434   53.18482200   -27.78993000   0.953   6
 5560   53.14528656   -27.79187012   1.317   5
 5708   53.15126000   -27.79240600   1.847   9
 5763   53.14914900   -27.79298400   1.223   9
 5773   53.17807770   -27.79274368   1.427   5
 5896   53.19391667   -27.79330556   0.706   8
 6073   53.20146100   -27.79421200   0.347   1
 6541   53.16100000   -27.78652778   1.134   8
 6562   53.17659760   -27.78545380   1.314   5
 6956   53.16716666   -27.75986111   4.773   5
 7024   53.17850000   -27.78402778   3.193   5
 7080   53.16276932   -27.76076698   5.920   5
 7092   53.18170929   -27.78302193   1.570   5
 7253   53.15152917   -27.76201111   0.426   3
 7281   53.15168100   -27.76128300   0.996   9
 7456   53.13524500   -27.78167200   1.435   9
 7622   53.15544583   -27.76610278   1.096   3
 7640   53.15566667   -27.77930556   1.846   8
 8092   53.15232849   -27.77795219   1.414   5
 8102   53.14777800   -27.76562000   2.318   9
 8181   53.14523749   -27.77790000   1.097   3
 8203   53.15345834   -27.76611111   3.797   5
 8275   53.14609100   -27.76655800   0.954   6
 8292   53.14889600   -27.77750500   2.067   9
 8531   53.16632500   -27.76857900   1.294   6
 8574   53.15228300   -27.77008500   1.852   9
 8575   53.15137917   -27.76670000   0.895   3
 8592   53.18322000   -27.77569500   1.603   9
 8746   53.14852916   -27.77012500   0.000   3
 8942   53.15446300   -27.77143500   2.224   9
 8949   53.14617200   -27.77103200   1.321   9
 9040   53.17605591   -27.77371025   1.288   5
 9283   53.14416700   -27.77355200   1.900   9
 9467   53.14844166   -27.77578611   0.525   3
 9475   53.18590800   -27.77560500   1.422   9
 9523   53.18336600   -27.77611000   1.547   9
 9601   53.14776900   -27.77694700   1.093   9
 9758   53.15720300   -27.77852100   1.305   9
 9793   53.14925000   -27.77880556   1.850   8
 9827   53.15454167   -27.77975000   1.849   8
 9900   53.18204167   -27.77955556   2.468   8
 9954   53.17908333   -27.78055556   1.036   8
 9958   53.13928604   -27.78066635   0.735   5
10099   53.17432785   -27.78251648   1.994   5
10138   53.15277863   -27.78269958   0.765   5
10146   53.15075600   -27.78256300   1.332   9
10157   53.17645833   -27.78255556   0.333   8
10196   53.17820833   -27.78308333   1.119   8
10419   53.13939800   -27.78677800   1.299   9
10496   53.19766667   -27.78641667   1.098   8
10544   53.14432000   -27.78913400   1.313   9
10591   53.16060257   -27.78973007   1.096   5
20048   53.16475300   -27.82454500   0.669   6
20215   53.16499329   -27.81933403   0.980   5
20388   53.16317790   -27.81239740   0.458   7
20416   53.17120610   -27.81471020   0.337   7
20594   53.14603750   -27.81235833   0.000   3
20595   53.15644584   -27.81076944   0.665   3
20647   53.16429167   -27.81077778   0.736   8
20759   53.15491667   -27.80941667   1.850   8
20787   53.18348700   -27.80675900   0.000   6
20906   53.18516240   -27.80527970   0.416   7
21128   53.14986250   -27.80329167   0.605   3
21129   53.17480170   -27.79931460   0.151   7
21130   53.19078500   -27.80358290   0.534   7
21281   53.14899583   -27.79966944   0.664   3
21364   53.18026270   -27.79892280   0.668   7
21514   53.17333200   -27.79924000   0.151   6
21651   53.17263800   -27.79644600   0.347   1
21671   53.15841600   -27.79497700   0.000   1
21703   53.17367200   -27.79736500   0.668   6
21709   53.17320910   -27.79669270   0.435   7
21730   53.16291667   -27.79766667   1.980   4
21751   53.14097500   -27.79665000   0.343   3
21773   53.14041667   -27.79752778   1.760   4
21783   53.15677083   -27.79555556   1.097   3
21840   53.15549167   -27.79148333   0.667   3
21939   53.14225000   -27.79541667   2.016   8
21954   53.14058333   -27.79561111   1.909   8
22245   53.19398600   -27.78587300   0.128   1
22252   53.16516113   -27.78586769   1.317   5
22300   53.19229160   -27.78601900   2.458   7
22410   53.16624900   -27.78757100   1.095   1
22434   53.16409800   -27.78729700   1.097   9
22509   53.17402267   -27.78800583   1.096   5
22579   53.20195833   -27.78880556   0.533   8
22718   53.18791667   -27.79002778   0.438   2
22719   53.18693900   -27.79098900   0.213   6
22735   53.13060416   -27.79025833   0.666   3
22775   53.15584183   -27.79046440   0.671   5
22939   53.18407822   -27.79151154   1.220   5
22990   53.16158333   -27.79227778   0.456   2
23061   53.18418100   -27.79264800   0.737   6
23280   53.15675354   -27.79458237   0.663   5
23546   53.16039276   -27.78399086   0.953   5
23796   53.16287500   -27.76722222   1.216   2
23847   53.16169700   -27.78030800   0.619   1
24297   53.15935898   -27.77502441   1.216   5
24344   53.15189166   -27.77543611   1.047   3
24380   53.15375000   -27.77458333   1.390   4
24384   53.15206250   -27.77478056   0.765   3
24385   53.16149500   -27.76763300   0.690   6
24392   53.15381500   -27.76730900   2.308   9
24397   53.15277917   -27.77529722   0.999   3
24439   53.15499584   -27.76893611   1.096   3
24453   53.15524292   -27.76953125   0.736   5
24515   53.15253750   -27.76951667   0.338   3
24587   53.16994190   -27.77101940   0.622   7
24685   53.17404300   -27.77211700   0.334   1
24762   53.13971667   -27.77310556   0.276   3
25232   53.13224583   -27.78287222   0.000   3
25335   53.14213750   -27.78670000   0.229   3
30228   53.16983770   -27.82393900   2.130   7
30252   53.17063500   -27.82378200   2.692   6
31320   53.15312195   -27.81208801   0.214   5
32013   53.17218018   -27.80587578   1.318   5
32085   53.17052078   -27.80660629   1.244   5
32378   53.17079167   -27.80466667   1.763   8
32651   53.13785934   -27.80361938   0.896   5
33821   53.14854167   -27.79688889   1.765   8
35786   53.14446300   -27.79110700   1.427   9
37143   53.16358333   -27.75897222   1.095   8
37818   53.19158333   -27.78269444   1.295   8
39338   53.16558333   -27.76986111   1.552   8
50453   53.15787500   -27.81472222   2.573   8
50714   53.15103912   -27.80946159   1.088   5
51690   53.17621440   -27.79613030   0.998   7
51705   53.18785380   -27.79405200   0.346   7
51802   53.18072510   -27.79537964   1.610   5
52744   53.13764583   -27.79194444   0.998   3
53465   53.16236100   -27.78231200   1.407   9
54337   53.15060417   -27.77163611   0.218   3
54427   53.14908333   -27.77430000   1.094   3
54454   53.14785833   -27.77403611   1.088   3